Number of Points               : 20
Dimension                      : 10
Points                         : [[-55.28, -51.28, -33.26, -43.95, 89.35, 34.36, -36.77, -69.58, -14.71, 70.95], [23.51, 94.26, -79.78, 99.92, -13.25, 26.87, -36.53, 23.61, -0.22, -72.21], [-16.34, 89.94, 46.7, -90.75, 5.67, 22.9, -5.98, -14.25, 88.01, -23.47], [30.29, 8.67, -89.64, 62.44, 86.68, -96.26, -17.03, 48.58, 28.52, -61.48], [-37.27, -0.59, -60.84, -19.87, 67.6, 73.6, -11.04, 39.38, -83.05, -87.27], [59.51, 51.72, 75.3, 72.36, 13.66, -93.95, -5.21, 73.65, 4.63, -82.73], [-66.49, 24.41, -2.63, -30.18, 98.37, -60.06, 3.59, 69.49, 94.15, -97.56], [74.98, -5.53, 15.0, 28.95, 39.09, -0.83, 81.14, 53.76, -75.76, -12.12], [71.83, 88.92, -88.79, 8.7, 4.33, 47.19, -25.92, -57.34, 11.47, -21.56], [-15.26, 0.46, -7.73, 98.82, -24.16, 12.54, 84.29, -65.81, 40.15, -45.96], [-97.43, 30.95, -23.58, -17.69, 33.78, 64.23, -4.91, -70.02, 68.21, 95.46], [-60.23, 35.01, -63.58, -15.03, -96.95, -76.76, 63.23, -52.44, 48.07, -15.79], [65.46, -75.93, 89.23, -80.55, 6.95, 57.58, 69.66, -74.43, -93.69, -43.83], [-39.33, -94.35, -87.56, 86.32, -20.37, -75.71, 75.02, 68.27, -28.07, -35.3], [52.37, 0.22, 1.19, 66.02, -51.07, -98.53, -89.23, 5.81, -96.69, 68.87], [-0.58, -94.65, 3.14, 62.21, -67.28, -9.33, 91.32, 72.18, 20.45, 77.98], [69.54, 2.94, -24.82, -6.08, -80.95, 86.0, -66.53, -58.26, -54.8, 41.19], [87.75, 96.79, 38.51, -18.37, -1.68, 62.62, -17.96, 6.53, -3.08, -47.92], [26.01, 16.52, 63.95, 39.49, 99.25, 52.71, -33.47, -20.62, -1.12, 51.6], [-87.7, -46.21, 92.87, 39.42, -10.22, -86.26, 42.64, -90.95, -0.19, 84.08]]

=========== DIVIDE AND CONQUER ===========
Closest Pair(s) of Points: 
	1. (71.83 , 88.92 , -88.79 , 8.7 , 4.33 , 47.19 , -25.92 , -57.34 , 11.47 , -21.56) - (23.51 , 94.26 , -79.78 , 99.92 , -13.25 , 26.87 , -36.53 , 23.61 , -0.22 , -72.21)
Closest Distance               : 144.4130136102699
Number of Euclidean Operations : 5428
Execution Time                 : 31.999588012695312 ms

=============== BRUTE FORCE ===============
Closest Pair(s) of Points: 
	1. (23.51 , 94.26 , -79.78 , 99.92 , -13.25 , 26.87 , -36.53 , 23.61 , -0.22 , -72.21) - (71.83 , 88.92 , -88.79 , 8.7 , 4.33 , 47.19 , -25.92 , -57.34 , 11.47 , -21.56)
Closest Distance               : 144.4130136102699
Number of Euclidean Operations : 190
Execution Time                 : 0.0 ms
