Number of Points               : 64
Dimension                      : 3
Points                         : [[18.95, -47.5, -70.44], [54.64, 84.11, -61.03], [33.07, 64.04, -69.13], [97.79, -63.89, -89.41], [-14.41, 50.29, -7.65], [19.21, -70.56, -44.63], [57.65, 31.2, -95.95], [18.79, 52.52, -87.89], [26.66, 64.86, -89.35], [63.43, -57.51, -30.87], [57.71, 92.54, -64.75], [58.23, 50.44, 45.25], [-8.69, -7.26, -41.3], [-43.51, 85.31, -26.96], [8.11, -97.42, -25.77], [66.7, -48.53, 53.41], [52.26, 71.86, -47.33], [-24.76, 40.6, 78.21], [95.92, -59.59, 98.41], [-4.1, 55.97, 5.41], [45.01, -70.91, 23.49], [-64.01, 63.67, -52.91], [99.11, 93.22, 80.32], [-91.91, 69.65, -77.4], [-69.98, -78.85, 9.3], [-49.55, -65.57, -9.58], [-23.79, 19.25, 15.01], [71.38, -57.55, -62.23], [30.81, 25.6, -5.19], [0.81, 40.33, -44.52], [-89.98, -57.58, 73.55], [-71.68, 89.04, 57.69], [-3.95, 36.3, -69.91], [-58.04, 69.66, 64.95], [-22.64, -43.64, -3.96], [-63.95, 80.0, 50.8], [83.7, 61.91, 6.56], [45.38, 51.69, -2.98], [-33.19, -5.86, -98.56], [98.33, 90.46, 87.95], [1.77, -9.6, 54.13], [-12.76, 34.96, -93.66], [65.41, -82.8, 39.76], [-26.29, 16.98, 73.44], [-75.42, 63.72, 23.38], [85.32, 55.03, -18.21], [-30.69, 69.84, -9.46], [8.22, 7.7, -91.06], [94.33, 42.26, 75.12], [-32.12, -47.39, 12.41], [39.08, 46.63, 86.45], [36.48, 8.09, 20.46], [-37.01, 24.91, 8.92], [-90.29, 40.08, 95.61], [49.59, -47.46, -55.76], [-36.79, -69.32, 37.0], [-5.84, 36.89, 85.19], [-79.04, 86.06, -55.21], [-47.41, 41.39, -17.25], [-33.99, -38.1, -28.4], [16.54, 4.83, 94.27], [73.0, -41.11, 9.85], [-36.21, 71.49, 34.64], [-21.12, -11.84, -1.19]]

=========== DIVIDE AND CONQUER ===========
Closest Pair(s) of Points: 
	1. (98.33 , 90.46 , 87.95) - (99.11 , 93.22 , 80.32)
Closest Distance               : 8.15125143766282
Number of Euclidean Operations : 392
Execution Time                 : 5.031347274780273 ms

=============== BRUTE FORCE ===============
Closest Pair(s) of Points: 
	1. (99.11 , 93.22 , 80.32) - (98.33 , 90.46 , 87.95)
Closest Distance               : 8.15125143766282
Number of Euclidean Operations : 2016
Execution Time                 : 5.001306533813477 ms
