Number of Points               : 64
Dimension                      : 2
Points                         : [[-96.09, 69.34], [-37.34, -8.11], [5.61, -97.89], [-99.78, -66.8], [-91.91, 92.96], [-6.68, -52.43], [86.68, -22.78], [-51.23, 80.61], [-6.5, -17.05], [64.11, -32.8], [-52.72, -96.59], [-1.86, -93.11], [-63.1, 98.03], [-26.63, 51.96], [46.56, 24.52], [-42.87, -73.49], [-6.13, 38.57], [28.05, -3.17], [55.92, -42.09], [27.44, -72.08], [-41.95, -34.59], [-66.09, 25.82], [84.78, -59.82], [15.82, 99.45], [69.57, -91.98], [38.32, -45.95], [29.87, -79.77], [-50.42, 34.67], [-59.15, -94.88], [99.53, -78.75], [57.24, 11.38], [50.94, 37.16], [-87.43, 91.45], [-89.97, -96.21], [-78.0, -58.52], [77.8, 65.36], [-66.62, -33.84], [52.94, 77.93], [22.64, -7.4], [-30.34, 49.12], [-23.53, 58.5], [17.49, 43.1], [-60.71, -70.42], [-50.51, 62.29], [37.47, 50.39], [66.27, -36.5], [71.42, -81.75], [94.36, 84.61], [73.2, 86.17], [-27.18, -37.06], [23.8, -73.21], [-22.41, 59.36], [91.07, 27.13], [53.34, -98.07], [47.78, 67.12], [-36.63, 87.86], [53.26, -53.28], [-78.28, 45.57], [-19.15, 37.52], [18.44, 98.87], [-65.39, -30.35], [64.93, -92.47], [90.86, -52.79], [49.69, 69.73]]

=========== DIVIDE AND CONQUER ===========
Closest Pair(s) of Points: 
	1. (-23.53 , 58.5) - (-22.41 , 59.36)
Closest Distance               : 1.4120906486483087
Number of Euclidean Operations : 232
Execution Time                 : 2.9981136322021484 ms

=============== BRUTE FORCE ===============
Closest Pair(s) of Points: 
	1. (-23.53 , 58.5) - (-22.41 , 59.36)
Closest Distance               : 1.4120906486483087
Number of Euclidean Operations : 2016
Execution Time                 : 5.999088287353516 ms
