Number of Points               : 64
Dimension                      : 4
Points                         : [[69.0, 90.25, -98.46, 69.93], [78.18, -25.99, 52.98, -87.18], [37.5, -95.22, -88.17, -40.24], [-79.47, -1.22, 13.77, -46.39], [36.99, -10.44, -67.09, 91.22], [-63.14, -97.49, 81.14, 38.16], [54.54, -82.5, -62.31, 52.56], [99.32, -9.93, -34.93, 35.36], [76.12, -93.55, 34.21, 9.82], [70.96, -85.21, -98.83, 89.19], [57.41, -83.44, 4.56, 83.84], [62.8, 10.93, -17.32, 68.02], [45.81, -2.67, 27.26, 18.94], [86.2, 47.93, 5.0, -44.23], [-12.17, -55.75, 27.54, 63.64], [-12.79, 95.71, 30.55, 25.11], [-36.96, -90.83, 81.96, 18.81], [-22.0, -34.05, -15.64, 32.93], [-36.98, 12.77, -62.22, 2.09], [-26.37, -66.87, -53.64, -36.15], [45.84, -77.32, -42.62, 74.61], [24.91, -72.6, 67.99, -43.01], [6.08, 13.3, -0.25, 77.19], [50.8, -88.18, 38.73, -44.77], [-28.07, 38.22, 57.05, -59.49], [42.32, -50.12, 47.48, 40.92], [4.84, 74.65, 58.56, 24.89], [-12.57, -94.32, -54.24, -34.24], [-96.97, -86.5, -74.24, -25.26], [85.77, -61.54, 30.92, 47.19], [-48.12, -67.35, 43.79, -86.37], [-90.02, 68.87, -57.23, 99.96], [42.31, -10.62, -58.81, -22.57], [-32.04, -64.52, 98.53, -82.6], [8.3, 3.69, 73.52, 47.22], [-48.73, -63.69, 5.87, -77.67], [-26.35, 55.57, 25.61, -90.31], [37.19, 86.07, 94.5, -91.73], [82.9, -87.32, -28.64, -42.13], [10.95, 58.27, -48.27, 46.81], [-69.59, -21.69, -72.01, -49.25], [88.94, 44.36, 40.7, 91.71], [-22.65, -27.3, 0.48, -36.78], [-91.85, 19.7, 97.1, 49.7], [-71.79, -33.15, 90.65, 89.13], [24.67, -80.77, 10.22, -44.01], [68.34, -8.92, -20.49, -79.93], [-9.48, 56.0, 80.06, -81.46], [69.03, -82.91, -43.75, -19.0], [-5.81, -70.22, 50.86, 90.55], [-19.29, 21.87, 96.67, 64.21], [-41.14, 70.29, -76.39, -62.23], [-56.31, -17.03, 39.36, -24.75], [-69.2, 93.67, -90.0, 29.7], [-83.55, -63.96, 6.04, -80.51], [-25.42, -2.75, -8.53, 6.5], [28.89, 62.79, -43.55, -73.9], [77.18, -22.79, 22.58, 33.48], [-52.66, -40.03, -37.74, -97.01], [46.11, 88.13, -58.04, -84.48], [-81.68, 46.46, -59.98, -23.0], [-22.48, 71.73, 75.17, 72.55], [-11.13, 57.85, 4.53, 75.65], [58.61, -78.68, -29.17, 43.75]]

=========== DIVIDE AND CONQUER ===========
Closest Pair(s) of Points: 
	1. (-12.57 , -94.32 , -54.24 , -34.24) - (-26.37 , -66.87 , -53.64 , -36.15)
Closest Distance               : 30.788806407524138
Number of Euclidean Operations : 919
Execution Time                 : 14.03498649597168 ms

=============== BRUTE FORCE ===============
Closest Pair(s) of Points: 
	1. (-26.37 , -66.87 , -53.64 , -36.15) - (-12.57 , -94.32 , -54.24 , -34.24)
Closest Distance               : 30.788806407524138
Number of Euclidean Operations : 2016
Execution Time                 : 4.037141799926758 ms
