Number of Points               : 64
Dimension                      : 5
Points                         : [[47.54, -61.52, 45.37, 37.16, 50.13], [-61.17, 34.27, 94.61, 31.48, -70.85], [-35.93, 1.67, 20.74, -90.42, 4.5], [92.78, -12.17, -31.13, 42.64, -27.93], [74.36, 63.73, -69.11, -62.13, 82.39], [51.01, -26.94, 75.65, 64.67, -96.37], [54.41, 67.74, -92.39, -74.72, 14.68], [35.77, -11.68, 72.37, 96.39, 49.51], [26.45, -32.66, -90.91, -91.34, -49.54], [14.73, -68.95, -51.52, -80.72, 70.57], [-34.0, -54.25, -53.39, 82.82, 0.29], [-31.69, 46.08, 65.19, 49.92, -63.22], [-76.93, -91.93, -68.29, 76.01, -42.45], [76.08, -48.77, -69.85, 14.22, 21.73], [34.69, 31.47, 3.03, -68.9, 69.28], [-69.82, 31.14, -70.85, -44.81, 36.19], [-55.37, 47.71, -2.69, -18.85, -1.71], [97.38, 73.64, 53.31, -43.45, 66.61], [18.24, -38.27, 73.62, 66.55, 71.33], [-78.7, 97.9, 50.93, -31.11, -95.61], [90.13, 60.64, -92.18, 1.8, 66.56], [-1.9, -25.88, 68.89, 71.25, 98.56], [19.13, 63.79, -11.61, -35.76, -89.74], [70.47, -90.39, -0.21, 82.82, 87.29], [3.85, 31.44, -50.5, -48.04, -89.25], [-47.83, 46.99, -8.71, -99.01, 96.31], [38.08, 93.5, 81.67, -64.89, -15.92], [-2.35, -72.8, 86.69, 77.32, -71.21], [50.66, -40.22, -62.18, 43.95, 44.34], [-0.31, 92.83, 87.77, 12.32, 65.69], [-17.43, 49.77, 20.28, 82.34, 24.69], [78.94, -23.76, -25.5, -62.25, -96.74], [-39.18, 52.96, 2.36, 1.23, -68.92], [44.44, -25.9, -82.1, 81.75, 10.32], [-31.5, -22.45, 8.21, 24.85, 32.63], [-55.71, -21.89, 99.73, 80.7, 32.2], [-70.85, 16.35, -75.11, -32.37, -58.98], [-52.9, -65.39, 37.81, -9.44, 92.23], [45.1, 66.2, 3.38, -6.82, 85.67], [-47.29, -86.68, -43.1, 88.16, 75.56], [-85.73, 61.27, -30.31, -50.56, -51.83], [-72.78, 26.25, 51.69, -94.32, -42.44], [65.58, -16.86, -43.19, -32.71, 79.0], [-63.58, -48.26, -64.36, -14.03, -66.02], [-32.27, 30.21, 34.0, -63.34, -38.72], [-24.06, -43.61, 5.55, 55.75, 1.65], [83.15, 78.38, -25.79, 95.48, 38.73], [-52.54, 74.56, -32.4, -51.58, 87.58], [71.97, 79.06, -99.09, -88.73, -25.66], [-31.47, 90.72, 4.5, 5.5, -71.07], [-84.91, 54.16, 53.56, -38.87, 87.34], [61.62, 67.65, -24.53, 79.97, 45.19], [-79.61, -64.03, 9.08, -7.17, 47.19], [-97.15, -33.42, 2.36, 23.77, -45.35], [60.36, 83.91, -92.17, 83.3, -97.43], [29.88, 72.41, 75.89, 9.62, -0.31], [-80.45, -27.36, 79.12, 49.8, 42.66], [-27.35, -87.38, 81.39, -56.76, -87.08], [28.5, -13.04, 93.31, 29.2, -19.2], [82.39, -14.09, -56.65, 63.26, -27.92], [8.89, 99.95, -3.89, -79.86, 4.09], [95.46, -88.41, -14.64, -8.26, -7.39], [-25.59, -26.27, 28.05, -27.27, 50.74], [-28.25, 99.31, -3.81, 56.78, 29.26]]

=========== DIVIDE AND CONQUER ===========
Closest Pair(s) of Points: 
	1. (61.62 , 67.65 , -24.53 , 79.97 , 45.19) - (83.15 , 78.38 , -25.79 , 95.48 , 38.73)
Closest Distance               : 29.369254331698656
Number of Euclidean Operations : 1319
Execution Time                 : 7.0018768310546875 ms

=============== BRUTE FORCE ===============
Closest Pair(s) of Points: 
	1. (83.15 , 78.38 , -25.79 , 95.48 , 38.73) - (61.62 , 67.65 , -24.53 , 79.97 , 45.19)
Closest Distance               : 29.369254331698656
Number of Euclidean Operations : 2016
Execution Time                 : 4.028797149658203 ms
