Number of Points               : 64
Dimension                      : 6
Points                         : [[-95.19, -63.29, -46.52, -9.33, -3.41, 69.38], [-87.73, -14.07, 17.57, -87.5, 32.49, 14.87], [-57.88, 64.5, 1.18, -26.64, 40.73, 59.66], [23.71, -90.87, -0.21, 7.43, -80.29, 12.12], [42.52, 53.09, 49.45, -48.03, 1.12, 86.89], [8.46, 51.02, -0.75, 51.31, 64.19, 47.14], [85.93, 47.53, 40.49, -11.35, -7.78, 0.23], [-94.08, -65.0, 67.17, 61.55, -8.95, -44.04], [-75.09, -41.37, 10.65, 3.11, -40.88, -49.35], [73.62, -15.14, -53.23, -32.81, -58.58, -60.03], [-98.74, -39.78, 21.87, -22.66, -5.44, 63.87], [-86.7, 42.3, 74.71, 71.5, 24.1, 72.87], [-88.43, -19.37, 58.03, 5.84, 10.31, 31.77], [2.9, -77.97, 51.73, -41.1, -54.62, 70.35], [-99.38, -36.08, -82.33, -88.38, 28.38, 60.31], [79.13, -19.43, -24.1, 79.75, -11.57, 74.43], [-36.25, 84.59, -22.48, 44.55, 93.98, 41.51], [-46.0, -50.04, -72.09, -25.94, 51.11, -9.32], [41.34, -60.34, -90.55, -79.2, 37.72, -11.43], [-38.2, 87.66, -62.4, 7.37, 26.69, 75.43], [86.36, -15.1, 83.89, 19.97, -58.78, -83.62], [-74.49, -68.41, -78.98, 81.79, -38.77, 75.24], [-6.26, -26.88, -78.83, 8.4, -17.15, -87.77], [-29.82, -64.31, 55.15, -28.51, -5.5, 78.38], [38.74, 13.05, 82.74, -28.41, -37.59, -85.68], [75.43, 99.39, -16.96, -98.36, -52.36, -16.56], [7.98, 15.93, -21.15, 89.63, -36.52, -58.65], [-8.68, -59.29, 17.24, 65.71, -76.36, 71.67], [-66.84, -60.84, 27.14, -74.38, 56.52, -3.17], [83.47, 67.38, 94.38, -79.92, -84.11, 32.13], [-36.28, 3.88, 80.93, 71.68, -22.52, 50.84], [-77.59, 38.19, 85.78, -7.65, -12.57, -13.6], [-25.4, -17.07, -99.17, -3.99, 19.39, -79.26], [-67.2, 76.22, 49.78, -81.2, -97.83, 79.02], [-81.81, -74.15, 4.64, -34.7, 23.29, 94.69], [20.68, 24.92, 45.07, 81.75, 30.91, 23.64], [-27.92, -97.43, 3.33, -42.69, -20.53, 54.47], [24.2, 8.88, -27.13, -35.7, 28.95, -72.98], [62.31, 77.2, -82.18, 69.9, 54.27, 66.64], [60.57, 40.92, -60.59, 29.16, -62.95, 21.01], [32.51, 41.45, 40.26, -13.33, -9.62, -10.6], [-65.14, -40.01, -29.69, -84.66, 63.52, 53.09], [-87.56, 41.15, -6.28, 71.31, -77.61, -9.54], [59.51, -36.76, -77.22, 23.62, -36.79, 98.79], [-54.8, -42.21, -58.1, 33.93, 10.1, 18.65], [14.74, -16.99, -82.92, -10.31, -56.04, 90.93], [40.09, -69.75, 19.78, -61.49, 37.16, 74.57], [55.87, -19.49, 39.74, 12.35, 96.82, -83.9], [-76.6, -90.25, -32.96, 77.93, -45.89, 95.07], [75.48, -86.22, -35.8, -29.01, 29.31, -93.94], [-89.49, 22.88, -78.26, -88.71, 69.04, 48.21], [51.13, -65.29, 9.7, 19.67, 20.49, 89.42], [-76.93, -30.34, -23.35, 47.38, -14.25, -8.71], [37.08, -81.02, 56.8, 91.53, -43.83, -31.59], [-14.02, -32.84, -7.03, -26.26, -82.94, 37.86], [55.03, 57.09, 61.98, 27.26, -96.29, -92.6], [89.89, -33.85, 99.23, 96.38, -77.11, -78.58], [-1.83, 46.4, 52.21, 63.89, -83.83, -50.54], [-26.83, 17.16, 52.75, 38.13, -34.07, 47.62], [-46.54, 3.95, -73.56, 69.99, -19.18, -69.75], [-99.09, 47.47, -53.3, -34.03, 69.4, -88.11], [5.64, 73.93, 96.3, -53.26, 79.72, -68.0], [59.36, 73.5, 22.14, 24.06, -25.38, 67.76], [-11.01, 83.01, 75.29, 0.57, 45.79, 63.76]]

=========== DIVIDE AND CONQUER ===========
Closest Pair(s) of Points: 
	1. (-36.28 , 3.88 , 80.93 , 71.68 , -22.52 , 50.84) - (-26.83 , 17.16 , 52.75 , 38.13 , -34.07 , 47.62)
Closest Distance               : 48.261233925377425
Number of Euclidean Operations : 3671
Execution Time                 : 19.036054611206055 ms

=============== BRUTE FORCE ===============
Closest Pair(s) of Points: 
	1. (-36.28 , 3.88 , 80.93 , 71.68 , -22.52 , 50.84) - (-26.83 , 17.16 , 52.75 , 38.13 , -34.07 , 47.62)
Closest Distance               : 48.261233925377425
Number of Euclidean Operations : 2016
Execution Time                 : 4.304409027099609 ms
